006100008080090030200005400400001800030070040007900003008400006020050080100002500
000090503045000001000006400009002000010984060000500200001800000200000180803070000
002001000300680700000500600007004000004017009000900800705020030010000050080040901
090071004200000070003000200000900035000010080700008400009006000017800000600020700
600000002003601700070040010050904030009000100060708020030060050005309400700000003
006300002030040060700001900200008700010050040009100005007400008090010020300005600
000408150105603200000915700256001904090000020403800615008349000009206403064107000
000200003010040050408100000004080009500000007020007300907000000040039001300000704
000697300300000400659000710003100008090000004710002000400900050006200000028000903
390614070000500100050090406700100005000400000006000800000020003017000080000080000
900080001000406000005070300060000040401060508090000020007030200000705000100040007
